001
002
003
004
005
006
007
008
009
010
011
012
013
014
015
016
017
018
019
020
021
022
023
024
037
038
039
040
041
042
043
044
045
046
047
048
049
050
051
052
053
054
055
056
057
058
059
060
070
071
072
073
074
075
076
077
078
079
080
081
082
083
084
085
086
087
088
089
090
091
092
093
094
095
096
097
098
099
100
101
102
103
104
105
106
107
108
109
110
111
112
113
114
115
116
117
118
119
120
121
122
123
124
125
126
127
128
129
130
131
132
133
134
135
136
137
138
139
140
141
154
155
156
157
158
159
160
161
162
163
164
165
184
185
186
187
188
189
190
191
192
193
194
195
208
209
210
211
212
213
214
215
216
217
218
219
220
221
222
223
224
225
226
227
228
229
230
231
232
233
234
235
236
237
238
239
240
241
242
243
268
269
270
271
272
273
274
275
276
277
278
279
403
404
405
409
410
411
460
461
462
463
464
465
466
467
468
469
470
471
496
497
498
499
500
501
502
503
504
505
506
507
574
575
576
577
578
579
580
581
582
583
584
585
589
590
591
592
593
594
595
596
597
598
599
600